0.7640 0.0000 0.0000 0.0000 0.0000 0.0000 0.0000 0.0000 0.0000 0.0000
0.7390 0.5410 0.0000 0.0000 0.0000 0.0000 0.0000 0.0000 0.0000 0.0000
0.7350 0.5300 0.5700 0.0000 0.0000 0.0000 0.0000 0.0000 0.0000 0.0000
0.7200 0.5140 0.5570 0.6190 0.0000 0.0000 0.0000 0.0000 0.0000 0.0000
0.7200 0.5370 0.5700 0.6010 0.4750 0.0000 0.0000 0.0000 0.0000 0.0000
0.7350 0.5320 0.5620 0.6040 0.4600 0.6350 0.0000 0.0000 0.0000 0.0000
0.7230 0.5150 0.5550 0.6120 0.4450 0.6160 0.5860 0.0000 0.0000 0.0000
0.7230 0.5300 0.5560 0.6230 0.4640 0.6240 0.5880 0.5270 0.0000 0.0000
0.7170 0.5040 0.5510 0.6240 0.4810 0.6280 0.5850 0.5240 0.6040 0.0000
0.7180 0.5120 0.5430 0.6080 0.4790 0.6220 0.5800 0.5070 0.6120 0.5860

avg_acc: 0.57670003
bwt: -0.014000004
Num parameters: 1.7M