0.7330 0.0000 0.0000 0.0000 0.0000 0.0000 0.0000 0.0000 0.0000 0.0000
0.7150 0.5750 0.0000 0.0000 0.0000 0.0000 0.0000 0.0000 0.0000 0.0000
0.7180 0.5580 0.5770 0.0000 0.0000 0.0000 0.0000 0.0000 0.0000 0.0000
0.7100 0.5500 0.5700 0.5280 0.0000 0.0000 0.0000 0.0000 0.0000 0.0000
0.7200 0.5560 0.5680 0.5250 0.5500 0.0000 0.0000 0.0000 0.0000 0.0000
0.7060 0.5590 0.5620 0.5260 0.5500 0.4820 0.0000 0.0000 0.0000 0.0000
0.7110 0.5320 0.5610 0.5290 0.5470 0.4640 0.4910 0.0000 0.0000 0.0000
0.7200 0.5400 0.5710 0.5160 0.5400 0.4820 0.4760 0.5490 0.0000 0.0000
0.7180 0.5490 0.5710 0.5370 0.5290 0.4810 0.4770 0.5310 0.4970 0.0000
0.7160 0.5410 0.5680 0.5120 0.5220 0.4640 0.4500 0.5320 0.4670 0.5600

avg_acc: 0.53319997
bwt: -0.020999994
