0.7370 0.0000 0.0000 0.0000 0.0000 0.0000 0.0000 0.0000 0.0000 0.0000
0.7290 0.5200 0.0000 0.0000 0.0000 0.0000 0.0000 0.0000 0.0000 0.0000
0.7170 0.5200 0.5840 0.0000 0.0000 0.0000 0.0000 0.0000 0.0000 0.0000
0.7020 0.4950 0.5730 0.6110 0.0000 0.0000 0.0000 0.0000 0.0000 0.0000
0.6970 0.4700 0.5160 0.5750 0.5130 0.0000 0.0000 0.0000 0.0000 0.0000
0.6880 0.4710 0.5190 0.5780 0.5130 0.6320 0.0000 0.0000 0.0000 0.0000
0.6870 0.4750 0.5450 0.5870 0.5120 0.6140 0.5630 0.0000 0.0000 0.0000
0.6940 0.4820 0.5360 0.5840 0.5050 0.6130 0.5730 0.5200 0.0000 0.0000
0.6970 0.4870 0.5290 0.5820 0.5250 0.6080 0.5580 0.5140 0.6030 0.0000
0.6970 0.4830 0.5450 0.5880 0.5130 0.6080 0.5440 0.5050 0.5960 0.5520

avg_acc: 0.56310004
bwt: -0.020399991
