0.7530 0.0000 0.0000 0.0000 0.0000 0.0000 0.0000 0.0000 0.0000 0.0000
0.7540 0.5140 0.0000 0.0000 0.0000 0.0000 0.0000 0.0000 0.0000 0.0000
0.7500 0.5110 0.5400 0.0000 0.0000 0.0000 0.0000 0.0000 0.0000 0.0000
0.7430 0.4810 0.5410 0.5750 0.0000 0.0000 0.0000 0.0000 0.0000 0.0000
0.7490 0.5090 0.5440 0.5760 0.4910 0.0000 0.0000 0.0000 0.0000 0.0000
0.7480 0.5030 0.5360 0.5760 0.4880 0.5970 0.0000 0.0000 0.0000 0.0000
0.7440 0.5100 0.5330 0.5890 0.4840 0.6090 0.5840 0.0000 0.0000 0.0000
0.7470 0.5130 0.5280 0.5800 0.4930 0.6010 0.5700 0.4820 0.0000 0.0000
0.7240 0.4880 0.5300 0.5700 0.4890 0.6100 0.5850 0.4650 0.5800 0.0000
0.7290 0.4940 0.5290 0.5620 0.4840 0.6150 0.5780 0.4690 0.5830 0.5720

avg_acc: 0.5615
bwt: -0.0073000044
