0.7570 0.0000 0.0000 0.0000 0.0000 0.0000 0.0000 0.0000 0.0000 0.0000
0.7310 0.5510 0.0000 0.0000 0.0000 0.0000 0.0000 0.0000 0.0000 0.0000
0.7300 0.5050 0.5370 0.0000 0.0000 0.0000 0.0000 0.0000 0.0000 0.0000
0.7330 0.4950 0.5060 0.5120 0.0000 0.0000 0.0000 0.0000 0.0000 0.0000
0.7220 0.5010 0.5100 0.4960 0.5270 0.0000 0.0000 0.0000 0.0000 0.0000
0.7080 0.5220 0.4840 0.4510 0.4780 0.4510 0.0000 0.0000 0.0000 0.0000
0.7180 0.5180 0.4780 0.4770 0.4810 0.4500 0.4550 0.0000 0.0000 0.0000
0.7380 0.5150 0.5210 0.4740 0.5000 0.4460 0.4300 0.5010 0.0000 0.0000
0.7230 0.5080 0.4930 0.4720 0.4880 0.4320 0.4420 0.4780 0.4830 0.0000
0.7040 0.5050 0.4870 0.4810 0.4800 0.4300 0.4470 0.4830 0.4560 0.5060

avg_acc: 0.4979
bwt: -0.030100008
